1.80E-01	7.36E+04	7.46E+04	1.01
2.84E-01	1.20E+05	7.20E+04	0.598
4.52E-01	1.18E+05	1.05E+05	0.887
7.16E-01	1.66E+05	1.01E+05	0.607
1.14E+00	1.97E+05	1.11E+05	0.565
1.80E+00	2.38E+05	1.25E+05	0.523
2.84E+00	2.81E+05	1.28E+05	0.456
4.52E+00	3.30E+05	1.25E+05	0.377
7.16E+00	3.73E+05	1.11E+05	0.299
1.14E+01	4.09E+05	9.31E+04	0.228
1.80E+01	4.39E+05	7.46E+04	0.17

2.60E-01	7.65E+04	5.68E+04	0.743
4.11E-01	1.32E+05	7.29E+04	0.551
6.53E-01	1.69E+05	9.50E+04	0.562
1.03E+00	1.89E+05	1.16E+05	0.615
1.64E+00	2.31E+05	1.25E+05	0.542
2.60E+00	2.73E+05	1.30E+05	0.477
4.11E+00	3.23E+05	1.27E+05	0.392
6.53E+00	3.64E+05	1.15E+05	0.316
1.03E+01	4.00E+05	9.67E+04	0.242
1.64E+01	4.29E+05	7.75E+04	0.181
2.60E+01	4.54E+05	6.02E+04	0.133

4.00E-01	1.33E+05	9.23E+04	0.696
6.32E-01	1.61E+05	1.03E+05	0.639
1.00E+00	1.93E+05	1.04E+05	0.541
1.59E+00	2.32E+05	1.27E+05	0.549
2.52E+00	2.63E+05	1.34E+05	0.508
4.00E+00	3.20E+05	1.26E+05	0.394
6.32E+00	3.59E+05	1.15E+05	0.319
1.00E+01	3.96E+05	9.75E+04	0.246
1.59E+01	4.23E+05	7.79E+04	0.184
2.52E+01	4.43E+05	5.98E+04	0.135
4.00E+01	4.63E+05	4.54E+04	0.0982

7.00E-01	1.58E+05	1.16E+05	0.738
1.11E+00	1.23E+05	1.07E+05	0.874
1.76E+00	2.22E+05	1.09E+05	0.492
2.79E+00	2.69E+05	1.23E+05	0.457
4.42E+00	3.14E+05	1.26E+05	0.402
7.00E+00	3.57E+05	1.13E+05	0.316
1.11E+01	3.93E+05	9.70E+04	0.247
1.76E+01	4.19E+05	7.74E+04	0.185
2.79E+01	4.38E+05	5.86E+04	0.134
4.42E+01	4.51E+05	4.45E+04	0.0987
7.00E+01	4.67E+05	3.44E+04	0.0738

1.00E+00	1.86E+05	3.93E+04	0.211
1.58E+00	2.20E+05	1.06E+05	0.48
2.51E+00	2.32E+05	1.30E+05	0.559
3.98E+00	3.20E+05	1.27E+05	0.398
6.31E+00	3.53E+05	1.19E+05	0.336
1.00E+01	3.92E+05	9.47E+04	0.242
1.58E+01	4.22E+05	7.54E+04	0.179
2.51E+01	4.34E+05	5.82E+04	0.134
3.98E+01	4.48E+05	4.36E+04	0.0974
6.31E+01	4.56E+05	3.39E+04	0.0742
1.00E+02	4.70E+05	2.77E+04	0.059

1.90E+00	2.05E+05	1.42E+05	0.692
3.00E+00	2.92E+05	1.45E+05	0.497
4.77E+00	3.23E+05	1.24E+05	0.383
7.56E+00	3.61E+05	1.03E+05	0.286
1.20E+01	4.00E+05	8.63E+04	0.215
1.90E+01	4.24E+05	7.28E+04	0.172
3.00E+01	4.36E+05	5.77E+04	0.132
4.77E+01	4.48E+05	4.32E+04	0.0964
7.56E+01	4.51E+05	3.27E+04	0.0724
1.20E+02	4.63E+05	2.77E+04	0.0597
1.90E+02	4.71E+05	2.49E+04	0.0528

3.40E+00	2.82E+05	1.30E+05	0.46
5.37E+00	3.19E+05	1.07E+05	0.334
8.53E+00	3.65E+05	1.04E+05	0.286
1.35E+01	3.93E+05	8.67E+04	0.221
2.15E+01	4.21E+05	7.61E+04	0.181
3.40E+01	4.40E+05	5.65E+04	0.128
5.37E+01	4.45E+05	4.16E+04	0.0934
8.53E+01	4.57E+05	3.30E+04	0.0722
1.35E+02	4.62E+05	2.76E+04	0.0597
2.15E+02	4.67E+05	2.60E+04	0.0556
3.40E+02	4.80E+05	2.69E+04	0.056

6.20E+00	3.05E+05	8.81E+04	0.289
9.80E+00	3.84E+05	1.02E+05	0.266
1.56E+01	4.07E+05	9.05E+04	0.223
2.47E+01	4.28E+05	7.90E+04	0.185
3.91E+01	4.48E+05	5.30E+04	0.118
6.20E+01	4.44E+05	3.95E+04	0.0889
9.80E+01	4.58E+05	3.44E+04	0.075
1.56E+02	4.65E+05	2.83E+04	0.0608
2.47E+02	4.71E+05	2.74E+04	0.0583
3.91E+02	4.80E+05	2.89E+04	0.0602
6.20E+02	4.91E+05	3.39E+04	0.0689

1.20E+01	4.03E+05	1.35E+05	0.336
1.90E+01	4.20E+05	8.59E+04	0.204
3.01E+01	4.41E+05	4.72E+04	0.107
4.78E+01	4.63E+05	5.21E+04	0.112
7.57E+01	4.66E+05	4.35E+04	0.0935
1.20E+02	4.71E+05	3.40E+04	0.0723
1.90E+02	4.73E+05	3.15E+04	0.0667
3.01E+02	4.84E+05	3.16E+04	0.0652
4.78E+02	4.92E+05	3.45E+04	0.0701
7.57E+02	5.04E+05	4.07E+04	0.0807
1.20E+03	5.23E+05	4.98E+04	0.0951

2.10E+01	4.04E+05	8.76E+04	0.217
3.32E+01	4.51E+05	6.61E+04	0.147
5.27E+01	4.34E+05	5.51E+04	0.127
8.36E+01	4.51E+05	5.28E+04	0.117
1.33E+02	4.73E+05	3.84E+04	0.0811
2.10E+02	4.76E+05	3.32E+04	0.0697
3.32E+02	4.83E+05	3.40E+04	0.0705
5.27E+02	4.89E+05	3.65E+04	0.0746
8.36E+02	5.01E+05	4.22E+04	0.0842
1.33E+03	5.14E+05	5.05E+04	0.0983
2.10E+03	5.36E+05	6.26E+04	0.117

4.00E+01	4.35E+05	9.34E+04	0.215
6.32E+01	4.35E+05	6.66E+04	0.153
1.00E+02	4.40E+05	5.01E+04	0.114
1.59E+02	4.68E+05	3.79E+04	0.0809
2.52E+02	4.86E+05	3.91E+04	0.0804
4.00E+02	4.84E+05	3.60E+04	0.0743
6.32E+02	4.87E+05	3.99E+04	0.0818
1.00E+03	4.99E+05	4.48E+04	0.0897
1.59E+03	5.12E+05	5.33E+04	0.104
2.52E+03	5.29E+05	6.51E+04	0.123
4.00E+03	5.53E+05	7.99E+04	0.145

8.50E+01	4.38E+05	9.05E+04	0.207
1.34E+02	4.27E+05	7.45E+04	0.174
2.13E+02	4.88E+05	3.79E+04	0.0777
3.38E+02	4.83E+05	4.29E+04	0.0888
5.36E+02	4.89E+05	3.93E+04	0.0803
8.50E+02	4.98E+05	4.40E+04	0.0884
1.34E+03	5.09E+05	5.11E+04	0.1
2.13E+03	5.22E+05	5.95E+04	0.114
3.38E+03	5.39E+05	7.16E+04	0.133
5.36E+03	5.61E+05	8.72E+04	0.155
8.50E+03	5.91E+05	1.08E+05	0.183

2.00E+02	4.57E+05	9.37E+04	0.205
3.16E+02	4.76E+05	5.71E+04	0.12
5.02E+02	4.91E+05	4.29E+04	0.0875
7.96E+02	5.04E+05	4.93E+04	0.0979
1.26E+03	5.07E+05	4.89E+04	0.0966
2.00E+03	5.17E+05	5.70E+04	0.11
3.16E+03	5.31E+05	6.50E+04	0.122
5.02E+03	5.49E+05	7.89E+04	0.144
7.96E+03	5.70E+05	9.60E+04	0.168
1.26E+04	5.99E+05	1.18E+05	0.197
2.00E+04	6.36E+05	1.45E+05	0.229

3.60E+02	4.77E+05	6.96E+04	0.146
5.69E+02	4.83E+05	6.83E+04	0.141
9.04E+02	5.20E+05	5.89E+04	0.113
1.43E+03	5.17E+05	5.72E+04	0.111
2.27E+03	5.27E+05	6.30E+04	0.12
3.60E+03	5.43E+05	7.66E+04	0.141
5.69E+03	5.67E+05	9.02E+04	0.159
9.04E+03	5.91E+05	1.09E+05	0.185
1.43E+04	6.19E+05	1.34E+05	0.217
2.27E+04	6.56E+05	1.65E+05	0.252
3.60E+04	7.05E+05	2.07E+05	0.293

9.00E+02	5.03E+05	7.22E+04	0.143
1.42E+03	5.03E+05	6.39E+04	0.127
2.26E+03	5.25E+05	6.03E+04	0.115
3.58E+03	5.44E+05	7.30E+04	0.134
5.68E+03	5.52E+05	9.03E+04	0.163
9.00E+03	5.84E+05	1.07E+05	0.184
1.42E+04	6.08E+05	1.29E+05	0.213
2.26E+04	6.44E+05	1.57E+05	0.245
3.58E+04	6.85E+05	1.96E+05	0.286
5.68E+04	7.39E+05	2.45E+05	0.331
9.00E+04	8.04E+05	3.08E+05	0.383

2.20E+03	5.32E+05	5.69E+04	0.107
3.48E+03	5.38E+05	5.37E+04	0.0999
5.52E+03	5.57E+05	9.22E+04	0.166
8.76E+03	5.68E+05	1.04E+05	0.183
1.39E+04	6.13E+05	1.27E+05	0.208
2.20E+04	6.34E+05	1.59E+05	0.25
3.48E+04	6.78E+05	1.97E+05	0.29
5.52E+04	7.27E+05	2.44E+05	0.335
8.76E+04	7.94E+05	3.08E+05	0.388
1.39E+05	8.68E+05	3.91E+05	0.45
2.20E+05	9.65E+05	5.03E+05	0.522

7.00E+03	5.48E+05	1.22E+05	0.222
1.11E+04	5.97E+05	1.14E+05	0.191
1.76E+04	6.11E+05	1.36E+05	0.223
2.79E+04	6.42E+05	1.65E+05	0.257
4.42E+04	6.94E+05	2.07E+05	0.298
7.00E+04	7.44E+05	2.62E+05	0.353
1.11E+05	8.03E+05	3.32E+05	0.414
1.76E+05	8.81E+05	4.22E+05	0.479
2.79E+05	9.80E+05	5.50E+05	0.561
4.42E+05	1.10E+06	7.18E+05	0.65
7.00E+05	1.27E+06	9.47E+05	0.749

2.80E+04	6.81E+05	2.00E+05	0.295
4.42E+04	7.29E+05	2.19E+05	0.3
7.03E+04	7.96E+05	2.70E+05	0.339
1.11E+05	8.44E+05	3.55E+05	0.421
1.77E+05	9.23E+05	4.42E+05	0.479
2.80E+05	1.03E+06	5.67E+05	0.55
4.42E+05	1.14E+06	7.41E+05	0.646
7.03E+05	1.31E+06	9.79E+05	0.749
1.11E+06	1.51E+06	1.30E+06	0.861
1.77E+06	1.78E+06	1.77E+06	0.996
2.80E+06	2.16E+06	2.42E+06	1.12

1.50E+05	9.19E+05	3.78E+05	0.411
2.37E+05	1.03E+06	5.20E+05	0.504
3.77E+05	1.12E+06	6.49E+05	0.578
5.97E+05	1.26E+06	9.05E+05	0.72
9.47E+05	1.44E+06	1.18E+06	0.817
1.50E+06	1.69E+06	1.62E+06	0.956
2.37E+06	1.98E+06	2.21E+06	1.11
3.77E+06	2.44E+06	3.00E+06	1.23
5.97E+06	3.08E+06	4.15E+06	1.35
9.47E+06	4.06E+06	5.70E+06	1.4
1.50E+07	5.53E+06	7.68E+06	1.39

1.60E+06	1.74E+06	1.56E+06	0.898
2.53E+06	2.06E+06	2.13E+06	1.04
4.02E+06	2.42E+06	2.94E+06	1.22
6.37E+06	3.02E+06	4.08E+06	1.35
1.01E+07	3.87E+06	5.67E+06	1.47
1.60E+07	5.16E+06	7.82E+06	1.51
2.53E+07	7.17E+06	1.06E+07	1.47
4.02E+07	1.02E+07	1.40E+07	1.37
6.37E+07	1.44E+07	1.79E+07	1.24
1.01E+08	2.01E+07	2.19E+07	1.09
1.60E+08	2.73E+07	2.58E+07	0.945

1.70E+07	5.58E+06	9.09E+06	1.63
2.69E+07	7.92E+06	1.24E+07	1.56
4.27E+07	1.15E+07	1.63E+07	1.42
6.77E+07	1.65E+07	2.08E+07	1.26
1.07E+08	2.32E+07	2.54E+07	1.1
1.70E+08	3.17E+07	2.99E+07	0.943
2.69E+08	4.14E+07	3.34E+07	0.81
4.27E+08	5.18E+07	3.63E+07	0.701
6.77E+08	6.24E+07	3.79E+07	0.608
1.07E+09	7.28E+07	3.89E+07	0.534
1.70E+09	8.19E+07	3.87E+07	0.473

3.00E+08	4.22E+07	3.44E+07	0.816
4.74E+08	5.27E+07	3.72E+07	0.706
7.53E+08	6.36E+07	3.87E+07	0.609
1.19E+09	7.46E+07	3.95E+07	0.529
1.89E+09	8.54E+07	3.90E+07	0.458
3.00E+09	9.56E+07	3.80E+07	0.397
4.74E+09	1.05E+08	3.62E+07	0.345
7.53E+09	1.14E+08	3.42E+07	0.3
1.19E+10	1.22E+08	3.20E+07	0.263
1.89E+10	1.29E+08	2.99E+07	0.232
3.00E+10	1.35E+08	2.78E+07	0.205

7.00E+09	1.16E+08	3.64E+07	0.313
1.11E+10	1.25E+08	3.39E+07	0.272
1.76E+10	1.33E+08	3.15E+07	0.237
2.79E+10	1.40E+08	2.91E+07	0.209
4.42E+10	1.46E+08	2.69E+07	0.185
7.00E+10	1.51E+08	2.49E+07	0.165
1.11E+11	1.55E+08	2.31E+07	0.148
1.76E+11	1.60E+08	2.14E+07	0.134
2.79E+11	1.64E+08	1.99E+07	0.121
4.42E+11	1.67E+08	1.85E+07	0.111
7.00E+11	1.69E+08	1.72E+07	0.102

1.00E+11	1.56E+08	2.39E+07	0.153
1.58E+11	1.60E+08	2.21E+07	0.138
2.51E+11	1.64E+08	2.05E+07	0.125
3.98E+11	1.66E+08	1.91E+07	0.115
6.31E+11	1.70E+08	1.81E+07	0.106
1.00E+12	1.73E+08	1.70E+07	0.0991
1.58E+12	1.74E+08	1.61E+07	0.0921
2.51E+12	1.77E+08	1.53E+07	0.0866
3.98E+12	1.78E+08	1.47E+07	0.0822
6.31E+12	1.79E+08	1.40E+07	0.0782
1.00E+13	1.82E+08	1.35E+07	0.0743

5.00E+11	1.68E+08	1.80E+07	0.107
7.90E+11	1.70E+08	1.70E+07	0.1
1.26E+12	1.72E+08	1.63E+07	0.095
1.99E+12	1.74E+08	1.58E+07	0.0913
3.16E+12	1.75E+08	1.54E+07	0.0881
5.00E+12	1.76E+08	1.48E+07	0.0839
7.90E+12	1.78E+08	1.43E+07	0.0802
1.26E+13	1.79E+08	1.40E+07	0.0786
1.99E+13	1.80E+08	1.36E+07	0.0758
3.16E+13	1.80E+08	1.32E+07	0.0735
5.00E+13	1.81E+08	1.30E+07	0.0714